sankaku785@sankakunote:/mnt/c/Users/kousu/flootJikken/src$ ./exp2
0.00000000000000000000 ( 0 ) 
0.50000000000000000000 ( 3fe0000000000000 )
1.00000000000000000000 ( 3ff0000000000000 )
1.50000000000000000000 ( 3ff8000000000000 )
2.00000000000000000000 ( 4000000000000000 )
2.50000000000000000000 ( 4004000000000000 )
3.00000000000000000000 ( 4008000000000000 )
3.50000000000000000000 ( 400c000000000000 )
4.00000000000000000000 ( 4010000000000000 )
4.50000000000000000000 ( 4012000000000000 )
5.00000000000000000000 ( 4014000000000000 )
5.50000000000000000000 ( 4016000000000000 )
6.00000000000000000000 ( 4018000000000000 )
6.50000000000000000000 ( 401a000000000000 )
7.00000000000000000000 ( 401c000000000000 )
7.50000000000000000000 ( 401e000000000000 )
8.00000000000000000000 ( 4020000000000000 )
8.50000000000000000000 ( 4021000000000000 )
9.00000000000000000000 ( 4022000000000000 )
9.50000000000000000000 ( 4023000000000000 )
10.00000000000000000000 ( 4024000000000000 )
10.50000000000000000000 ( 4025000000000000 )
11.00000000000000000000 ( 4026000000000000 )
11.50000000000000000000 ( 4027000000000000 )
12.00000000000000000000 ( 4028000000000000 )
12.50000000000000000000 ( 4029000000000000 )
13.00000000000000000000 ( 402a000000000000 )
13.50000000000000000000 ( 402b000000000000 )
14.00000000000000000000 ( 402c000000000000 )
14.50000000000000000000 ( 402d000000000000 )
15.00000000000000000000 ( 402e000000000000 )
15.50000000000000000000 ( 402f000000000000 )
16.00000000000000000000 ( 4030000000000000 )
16.50000000000000000000 ( 4030800000000000 )
17.00000000000000000000 ( 4031000000000000 )
17.50000000000000000000 ( 4031800000000000 )
18.00000000000000000000 ( 4032000000000000 )
18.50000000000000000000 ( 4032800000000000 )
19.00000000000000000000 ( 4033000000000000 )
19.50000000000000000000 ( 4033800000000000 )
20.00000000000000000000 ( 4034000000000000 )
20.50000000000000000000 ( 4034800000000000 )
21.00000000000000000000 ( 4035000000000000 )
21.50000000000000000000 ( 4035800000000000 )
22.00000000000000000000 ( 4036000000000000 )
22.50000000000000000000 ( 4036800000000000 )
23.00000000000000000000 ( 4037000000000000 )
23.50000000000000000000 ( 4037800000000000 )
24.00000000000000000000 ( 4038000000000000 )
24.50000000000000000000 ( 4038800000000000 )
25.00000000000000000000 ( 4039000000000000 )
25.50000000000000000000 ( 4039800000000000 )
26.00000000000000000000 ( 403a000000000000 )
26.50000000000000000000 ( 403a800000000000 )
27.00000000000000000000 ( 403b000000000000 )
27.50000000000000000000 ( 403b800000000000 )
28.00000000000000000000 ( 403c000000000000 )
28.50000000000000000000 ( 403c800000000000 )
29.00000000000000000000 ( 403d000000000000 )
29.50000000000000000000 ( 403d800000000000 )
30.00000000000000000000 ( 403e000000000000 )
30.50000000000000000000 ( 403e800000000000 )
31.00000000000000000000 ( 403f000000000000 )
31.50000000000000000000 ( 403f800000000000 )
32.00000000000000000000 ( 4040000000000000 )
32.50000000000000000000 ( 4040400000000000 )
33.00000000000000000000 ( 4040800000000000 )
33.50000000000000000000 ( 4040c00000000000 )
34.00000000000000000000 ( 4041000000000000 )
34.50000000000000000000 ( 4041400000000000 )
35.00000000000000000000 ( 4041800000000000 )
35.50000000000000000000 ( 4041c00000000000 )
36.00000000000000000000 ( 4042000000000000 )
36.50000000000000000000 ( 4042400000000000 )
37.00000000000000000000 ( 4042800000000000 )
37.50000000000000000000 ( 4042c00000000000 )
38.00000000000000000000 ( 4043000000000000 )
38.50000000000000000000 ( 4043400000000000 )
39.00000000000000000000 ( 4043800000000000 )
39.50000000000000000000 ( 4043c00000000000 )
40.00000000000000000000 ( 4044000000000000 )
40.50000000000000000000 ( 4044400000000000 )
41.00000000000000000000 ( 4044800000000000 )
41.50000000000000000000 ( 4044c00000000000 )
42.00000000000000000000 ( 4045000000000000 )
42.50000000000000000000 ( 4045400000000000 )
43.00000000000000000000 ( 4045800000000000 )
43.50000000000000000000 ( 4045c00000000000 )
44.00000000000000000000 ( 4046000000000000 )
44.50000000000000000000 ( 4046400000000000 )
45.00000000000000000000 ( 4046800000000000 )
45.50000000000000000000 ( 4046c00000000000 )
46.00000000000000000000 ( 4047000000000000 )
46.50000000000000000000 ( 4047400000000000 )
47.00000000000000000000 ( 4047800000000000 )
47.50000000000000000000 ( 4047c00000000000 )
48.00000000000000000000 ( 4048000000000000 )
48.50000000000000000000 ( 4048400000000000 )
49.00000000000000000000 ( 4048800000000000 )
49.50000000000000000000 ( 4048c00000000000 )
50.00000000000000000000 ( 4049000000000000 )
100 * 0.500000 = 50.000000
