sankaku785@sankakunote:/mnt/c/Users/kousu/flootJikken/src$ ./exp4
0.00000000000000000000 ( 0 )
0.50000000000000000000 ( 3fe0000000000000 )
1.00000000000000000000 ( 3ff0000000000000 )
1.50000000000000000000 ( 3ff8000000000000 )
2.00000000000000000000 ( 4000000000000000 )
2.50000000000000000000 ( 4004000000000000 )
3.00000000000000000000 ( 4008000000000000 )
3.50000000000000000000 ( 400c000000000000 )
4.00000000000000000000 ( 4010000000000000 )
4.50000000000000000000 ( 4012000000000000 )
5.00000000000000000000 ( 4014000000000000 )
5.50000000000000000000 ( 4016000000000000 )
6.00000000000000000000 ( 4018000000000000 )
6.50000000000000000000 ( 401a000000000000 )
7.00000000000000000000 ( 401c000000000000 )
7.50000000000000000000 ( 401e000000000000 )
8.00000000000000000000 ( 4020000000000000 )
8.50000000000000000000 ( 4021000000000000 )
9.00000000000000000000 ( 4022000000000000 )
9.50000000000000000000 ( 4023000000000000 )
10.00000000000000000000 ( 4024000000000000 )
10.50000000000000000000 ( 4025000000000000 )
11.00000000000000000000 ( 4026000000000000 )
11.50000000000000000000 ( 4027000000000000 )
12.00000000000000000000 ( 4028000000000000 )
12.50000000000000000000 ( 4029000000000000 )
13.00000000000000000000 ( 402a000000000000 )
13.50000000000000000000 ( 402b000000000000 )
14.00000000000000000000 ( 402c000000000000 )
14.50000000000000000000 ( 402d000000000000 )
15.00000000000000000000 ( 402e000000000000 )
15.50000000000000000000 ( 402f000000000000 )
16.00000000000000000000 ( 4030000000000000 )
16.50000000000000000000 ( 4030800000000000 )
17.00000000000000000000 ( 4031000000000000 )
17.50000000000000000000 ( 4031800000000000 )
18.00000000000000000000 ( 4032000000000000 )
18.50000000000000000000 ( 4032800000000000 )
19.00000000000000000000 ( 4033000000000000 )
19.50000000000000000000 ( 4033800000000000 )
20.00000000000000000000 ( 4034000000000000 )
20.50000000000000000000 ( 4034800000000000 )
21.00000000000000000000 ( 4035000000000000 )
21.50000000000000000000 ( 4035800000000000 )
22.00000000000000000000 ( 4036000000000000 )
22.50000000000000000000 ( 4036800000000000 )
23.00000000000000000000 ( 4037000000000000 )
23.50000000000000000000 ( 4037800000000000 )
24.00000000000000000000 ( 4038000000000000 )
24.50000000000000000000 ( 4038800000000000 )
25.00000000000000000000 ( 4039000000000000 )
25.50000000000000000000 ( 4039800000000000 )
26.00000000000000000000 ( 403a000000000000 )
26.50000000000000000000 ( 403a800000000000 )
27.00000000000000000000 ( 403b000000000000 )
27.50000000000000000000 ( 403b800000000000 )
28.00000000000000000000 ( 403c000000000000 )
28.50000000000000000000 ( 403c800000000000 )
29.00000000000000000000 ( 403d000000000000 )
29.50000000000000000000 ( 403d800000000000 )
30.00000000000000000000 ( 403e000000000000 )
30.50000000000000000000 ( 403e800000000000 )
31.00000000000000000000 ( 403f000000000000 )
31.50000000000000000000 ( 403f800000000000 )
32.00000000000000000000 ( 4040000000000000 )
32.50000000000000000000 ( 4040400000000000 )
33.00000000000000000000 ( 4040800000000000 )
33.50000000000000000000 ( 4040c00000000000 )
34.00000000000000000000 ( 4041000000000000 )
34.50000000000000000000 ( 4041400000000000 )
35.00000000000000000000 ( 4041800000000000 )
35.50000000000000000000 ( 4041c00000000000 )
36.00000000000000000000 ( 4042000000000000 )
36.50000000000000000000 ( 4042400000000000 )
37.00000000000000000000 ( 4042800000000000 )
37.50000000000000000000 ( 4042c00000000000 )
38.00000000000000000000 ( 4043000000000000 )
38.50000000000000000000 ( 4043400000000000 )
39.00000000000000000000 ( 4043800000000000 )
39.50000000000000000000 ( 4043c00000000000 )
40.00000000000000000000 ( 4044000000000000 )
40.50000000000000000000 ( 4044400000000000 )
41.00000000000000000000 ( 4044800000000000 )
41.50000000000000000000 ( 4044c00000000000 )
42.00000000000000000000 ( 4045000000000000 )
42.50000000000000000000 ( 4045400000000000 )
43.00000000000000000000 ( 4045800000000000 )
43.50000000000000000000 ( 4045c00000000000 )
44.00000000000000000000 ( 4046000000000000 )
44.50000000000000000000 ( 4046400000000000 )
45.00000000000000000000 ( 4046800000000000 )
45.50000000000000000000 ( 4046c00000000000 )
46.00000000000000000000 ( 4047000000000000 )
46.50000000000000000000 ( 4047400000000000 )
47.00000000000000000000 ( 4047800000000000 )
47.50000000000000000000 ( 4047c00000000000 )
48.00000000000000000000 ( 4048000000000000 )
48.50000000000000000000 ( 4048400000000000 )
49.00000000000000000000 ( 4048800000000000 )
49.50000000000000000000 ( 4048c00000000000 )
50.00000000000000000000 ( 4049000000000000 )
50.50000000000000000000 ( 4049400000000000 )
51.00000000000000000000 ( 4049800000000000 )
51.50000000000000000000 ( 4049c00000000000 )
52.00000000000000000000 ( 404a000000000000 )
52.50000000000000000000 ( 404a400000000000 )
53.00000000000000000000 ( 404a800000000000 )
53.50000000000000000000 ( 404ac00000000000 )
54.00000000000000000000 ( 404b000000000000 )
54.50000000000000000000 ( 404b400000000000 )
55.00000000000000000000 ( 404b800000000000 )
55.50000000000000000000 ( 404bc00000000000 )
56.00000000000000000000 ( 404c000000000000 )
56.50000000000000000000 ( 404c400000000000 )
57.00000000000000000000 ( 404c800000000000 )
57.50000000000000000000 ( 404cc00000000000 )
58.00000000000000000000 ( 404d000000000000 )
58.50000000000000000000 ( 404d400000000000 )
59.00000000000000000000 ( 404d800000000000 )
59.50000000000000000000 ( 404dc00000000000 )
60.00000000000000000000 ( 404e000000000000 )
60.50000000000000000000 ( 404e400000000000 )
61.00000000000000000000 ( 404e800000000000 )
61.50000000000000000000 ( 404ec00000000000 )
62.00000000000000000000 ( 404f000000000000 )
62.50000000000000000000 ( 404f400000000000 )
63.00000000000000000000 ( 404f800000000000 )
63.50000000000000000000 ( 404fc00000000000 )
64.00000000000000000000 ( 4050000000000000 )
64.50000000000000000000 ( 4050200000000000 )
65.00000000000000000000 ( 4050400000000000 )
65.50000000000000000000 ( 4050600000000000 )
66.00000000000000000000 ( 4050800000000000 )
66.50000000000000000000 ( 4050a00000000000 )
67.00000000000000000000 ( 4050c00000000000 )
67.50000000000000000000 ( 4050e00000000000 )
68.00000000000000000000 ( 4051000000000000 )
68.50000000000000000000 ( 4051200000000000 )
69.00000000000000000000 ( 4051400000000000 )
69.50000000000000000000 ( 4051600000000000 )
70.00000000000000000000 ( 4051800000000000 )
70.50000000000000000000 ( 4051a00000000000 )
71.00000000000000000000 ( 4051c00000000000 )
71.50000000000000000000 ( 4051e00000000000 )
72.00000000000000000000 ( 4052000000000000 )
72.50000000000000000000 ( 4052200000000000 )
73.00000000000000000000 ( 4052400000000000 )
73.50000000000000000000 ( 4052600000000000 )
74.00000000000000000000 ( 4052800000000000 )
74.50000000000000000000 ( 4052a00000000000 )
75.00000000000000000000 ( 4052c00000000000 )
75.50000000000000000000 ( 4052e00000000000 )
76.00000000000000000000 ( 4053000000000000 )
76.50000000000000000000 ( 4053200000000000 )
77.00000000000000000000 ( 4053400000000000 )
77.50000000000000000000 ( 4053600000000000 )
78.00000000000000000000 ( 4053800000000000 )
78.50000000000000000000 ( 4053a00000000000 )
79.00000000000000000000 ( 4053c00000000000 )
79.50000000000000000000 ( 4053e00000000000 )
80.00000000000000000000 ( 4054000000000000 )
80.50000000000000000000 ( 4054200000000000 )
81.00000000000000000000 ( 4054400000000000 )
81.50000000000000000000 ( 4054600000000000 )
82.00000000000000000000 ( 4054800000000000 )
82.50000000000000000000 ( 4054a00000000000 )
83.00000000000000000000 ( 4054c00000000000 )
83.50000000000000000000 ( 4054e00000000000 )
84.00000000000000000000 ( 4055000000000000 )
84.50000000000000000000 ( 4055200000000000 )
85.00000000000000000000 ( 4055400000000000 )
85.50000000000000000000 ( 4055600000000000 )
86.00000000000000000000 ( 4055800000000000 )
86.50000000000000000000 ( 4055a00000000000 )
87.00000000000000000000 ( 4055c00000000000 )
87.50000000000000000000 ( 4055e00000000000 )
88.00000000000000000000 ( 4056000000000000 )
88.50000000000000000000 ( 4056200000000000 )
89.00000000000000000000 ( 4056400000000000 )
89.50000000000000000000 ( 4056600000000000 )
90.00000000000000000000 ( 4056800000000000 )
90.50000000000000000000 ( 4056a00000000000 )
91.00000000000000000000 ( 4056c00000000000 )
91.50000000000000000000 ( 4056e00000000000 )
92.00000000000000000000 ( 4057000000000000 )
92.50000000000000000000 ( 4057200000000000 )
93.00000000000000000000 ( 4057400000000000 )
93.50000000000000000000 ( 4057600000000000 )
94.00000000000000000000 ( 4057800000000000 )
94.50000000000000000000 ( 4057a00000000000 )
95.00000000000000000000 ( 4057c00000000000 )
95.50000000000000000000 ( 4057e00000000000 )
96.00000000000000000000 ( 4058000000000000 )
96.50000000000000000000 ( 4058200000000000 )
97.00000000000000000000 ( 4058400000000000 )
97.50000000000000000000 ( 4058600000000000 )
98.00000000000000000000 ( 4058800000000000 )
98.50000000000000000000 ( 4058a00000000000 )
99.00000000000000000000 ( 4058c00000000000 )
99.50000000000000000000 ( 4058e00000000000 )
100.00000000000000000000 ( 4059000000000000 )
100.50000000000000000000 ( 4059200000000000 )
101.00000000000000000000 ( 4059400000000000 )
101.50000000000000000000 ( 4059600000000000 )
102.00000000000000000000 ( 4059800000000000 )
102.50000000000000000000 ( 4059a00000000000 )
103.00000000000000000000 ( 4059c00000000000 )
103.50000000000000000000 ( 4059e00000000000 )
104.00000000000000000000 ( 405a000000000000 )
104.50000000000000000000 ( 405a200000000000 )
105.00000000000000000000 ( 405a400000000000 )
105.50000000000000000000 ( 405a600000000000 )
106.00000000000000000000 ( 405a800000000000 )
106.50000000000000000000 ( 405aa00000000000 )
107.00000000000000000000 ( 405ac00000000000 )
107.50000000000000000000 ( 405ae00000000000 )
108.00000000000000000000 ( 405b000000000000 )
108.50000000000000000000 ( 405b200000000000 )
109.00000000000000000000 ( 405b400000000000 )
109.50000000000000000000 ( 405b600000000000 )
110.00000000000000000000 ( 405b800000000000 )
110.50000000000000000000 ( 405ba00000000000 )
111.00000000000000000000 ( 405bc00000000000 )
111.50000000000000000000 ( 405be00000000000 )
112.00000000000000000000 ( 405c000000000000 )
112.50000000000000000000 ( 405c200000000000 )
113.00000000000000000000 ( 405c400000000000 )
113.50000000000000000000 ( 405c600000000000 )
114.00000000000000000000 ( 405c800000000000 )
114.50000000000000000000 ( 405ca00000000000 )
115.00000000000000000000 ( 405cc00000000000 )
115.50000000000000000000 ( 405ce00000000000 )
116.00000000000000000000 ( 405d000000000000 )
116.50000000000000000000 ( 405d200000000000 )
117.00000000000000000000 ( 405d400000000000 )
117.50000000000000000000 ( 405d600000000000 )
118.00000000000000000000 ( 405d800000000000 )
118.50000000000000000000 ( 405da00000000000 )
119.00000000000000000000 ( 405dc00000000000 )
119.50000000000000000000 ( 405de00000000000 )
120.00000000000000000000 ( 405e000000000000 )
120.50000000000000000000 ( 405e200000000000 )
121.00000000000000000000 ( 405e400000000000 )
121.50000000000000000000 ( 405e600000000000 )
122.00000000000000000000 ( 405e800000000000 )
122.50000000000000000000 ( 405ea00000000000 )
123.00000000000000000000 ( 405ec00000000000 )
123.50000000000000000000 ( 405ee00000000000 )
124.00000000000000000000 ( 405f000000000000 )
124.50000000000000000000 ( 405f200000000000 )
125.00000000000000000000 ( 405f400000000000 )
125.50000000000000000000 ( 405f600000000000 )
126.00000000000000000000 ( 405f800000000000 )
126.50000000000000000000 ( 405fa00000000000 )
127.00000000000000000000 ( 405fc00000000000 )
127.50000000000000000000 ( 405fe00000000000 )
128.00000000000000000000 ( 4060000000000000 )
128.50000000000000000000 ( 4060100000000000 )
129.00000000000000000000 ( 4060200000000000 )
129.50000000000000000000 ( 4060300000000000 )
130.00000000000000000000 ( 4060400000000000 )
130.50000000000000000000 ( 4060500000000000 )
131.00000000000000000000 ( 4060600000000000 )
131.50000000000000000000 ( 4060700000000000 )
132.00000000000000000000 ( 4060800000000000 )
132.50000000000000000000 ( 4060900000000000 )
133.00000000000000000000 ( 4060a00000000000 )
133.50000000000000000000 ( 4060b00000000000 )
134.00000000000000000000 ( 4060c00000000000 )
134.50000000000000000000 ( 4060d00000000000 )
135.00000000000000000000 ( 4060e00000000000 )
135.50000000000000000000 ( 4060f00000000000 )
136.00000000000000000000 ( 4061000000000000 )
136.50000000000000000000 ( 4061100000000000 )
137.00000000000000000000 ( 4061200000000000 )
137.50000000000000000000 ( 4061300000000000 )
138.00000000000000000000 ( 4061400000000000 )
138.50000000000000000000 ( 4061500000000000 )
139.00000000000000000000 ( 4061600000000000 )
139.50000000000000000000 ( 4061700000000000 )
140.00000000000000000000 ( 4061800000000000 )
140.50000000000000000000 ( 4061900000000000 )
141.00000000000000000000 ( 4061a00000000000 )
141.50000000000000000000 ( 4061b00000000000 )
142.00000000000000000000 ( 4061c00000000000 )
142.50000000000000000000 ( 4061d00000000000 )
143.00000000000000000000 ( 4061e00000000000 )
143.50000000000000000000 ( 4061f00000000000 )
144.00000000000000000000 ( 4062000000000000 )
144.50000000000000000000 ( 4062100000000000 )
145.00000000000000000000 ( 4062200000000000 )
145.50000000000000000000 ( 4062300000000000 )
146.00000000000000000000 ( 4062400000000000 )
146.50000000000000000000 ( 4062500000000000 )
147.00000000000000000000 ( 4062600000000000 )
147.50000000000000000000 ( 4062700000000000 )
148.00000000000000000000 ( 4062800000000000 )
148.50000000000000000000 ( 4062900000000000 )
149.00000000000000000000 ( 4062a00000000000 )
149.50000000000000000000 ( 4062b00000000000 )
150.00000000000000000000 ( 4062c00000000000 )
150.50000000000000000000 ( 4062d00000000000 )
151.00000000000000000000 ( 4062e00000000000 )
151.50000000000000000000 ( 4062f00000000000 )
152.00000000000000000000 ( 4063000000000000 )
152.50000000000000000000 ( 4063100000000000 )
153.00000000000000000000 ( 4063200000000000 )
153.50000000000000000000 ( 4063300000000000 )
154.00000000000000000000 ( 4063400000000000 )
154.50000000000000000000 ( 4063500000000000 )
155.00000000000000000000 ( 4063600000000000 )
155.50000000000000000000 ( 4063700000000000 )
156.00000000000000000000 ( 4063800000000000 )
156.50000000000000000000 ( 4063900000000000 )
157.00000000000000000000 ( 4063a00000000000 )
157.50000000000000000000 ( 4063b00000000000 )
158.00000000000000000000 ( 4063c00000000000 )
158.50000000000000000000 ( 4063d00000000000 )
159.00000000000000000000 ( 4063e00000000000 )
159.50000000000000000000 ( 4063f00000000000 )
160.00000000000000000000 ( 4064000000000000 )
160.50000000000000000000 ( 4064100000000000 )
161.00000000000000000000 ( 4064200000000000 )
161.50000000000000000000 ( 4064300000000000 )
162.00000000000000000000 ( 4064400000000000 )
162.50000000000000000000 ( 4064500000000000 )
163.00000000000000000000 ( 4064600000000000 )
163.50000000000000000000 ( 4064700000000000 )
164.00000000000000000000 ( 4064800000000000 )
164.50000000000000000000 ( 4064900000000000 )
165.00000000000000000000 ( 4064a00000000000 )
165.50000000000000000000 ( 4064b00000000000 )
166.00000000000000000000 ( 4064c00000000000 )
166.50000000000000000000 ( 4064d00000000000 )
167.00000000000000000000 ( 4064e00000000000 )
167.50000000000000000000 ( 4064f00000000000 )
168.00000000000000000000 ( 4065000000000000 )
168.50000000000000000000 ( 4065100000000000 )
169.00000000000000000000 ( 4065200000000000 )
169.50000000000000000000 ( 4065300000000000 )
170.00000000000000000000 ( 4065400000000000 )
170.50000000000000000000 ( 4065500000000000 )
171.00000000000000000000 ( 4065600000000000 )
171.50000000000000000000 ( 4065700000000000 )
172.00000000000000000000 ( 4065800000000000 )
172.50000000000000000000 ( 4065900000000000 )
173.00000000000000000000 ( 4065a00000000000 )
173.50000000000000000000 ( 4065b00000000000 )
174.00000000000000000000 ( 4065c00000000000 )
174.50000000000000000000 ( 4065d00000000000 )
175.00000000000000000000 ( 4065e00000000000 )
175.50000000000000000000 ( 4065f00000000000 )
176.00000000000000000000 ( 4066000000000000 )
176.50000000000000000000 ( 4066100000000000 )
177.00000000000000000000 ( 4066200000000000 )
177.50000000000000000000 ( 4066300000000000 )
178.00000000000000000000 ( 4066400000000000 )
178.50000000000000000000 ( 4066500000000000 )
179.00000000000000000000 ( 4066600000000000 )
179.50000000000000000000 ( 4066700000000000 )
180.00000000000000000000 ( 4066800000000000 )
180.50000000000000000000 ( 4066900000000000 )
181.00000000000000000000 ( 4066a00000000000 )
181.50000000000000000000 ( 4066b00000000000 )
182.00000000000000000000 ( 4066c00000000000 )
182.50000000000000000000 ( 4066d00000000000 )
183.00000000000000000000 ( 4066e00000000000 )
183.50000000000000000000 ( 4066f00000000000 )
184.00000000000000000000 ( 4067000000000000 )
184.50000000000000000000 ( 4067100000000000 )
185.00000000000000000000 ( 4067200000000000 )
185.50000000000000000000 ( 4067300000000000 )
186.00000000000000000000 ( 4067400000000000 )
186.50000000000000000000 ( 4067500000000000 )
187.00000000000000000000 ( 4067600000000000 )
187.50000000000000000000 ( 4067700000000000 )
188.00000000000000000000 ( 4067800000000000 )
188.50000000000000000000 ( 4067900000000000 )
189.00000000000000000000 ( 4067a00000000000 )
189.50000000000000000000 ( 4067b00000000000 )
190.00000000000000000000 ( 4067c00000000000 )
190.50000000000000000000 ( 4067d00000000000 )
191.00000000000000000000 ( 4067e00000000000 )
191.50000000000000000000 ( 4067f00000000000 )
192.00000000000000000000 ( 4068000000000000 )
192.50000000000000000000 ( 4068100000000000 )
193.00000000000000000000 ( 4068200000000000 )
193.50000000000000000000 ( 4068300000000000 )
194.00000000000000000000 ( 4068400000000000 )
194.50000000000000000000 ( 4068500000000000 )
195.00000000000000000000 ( 4068600000000000 )
195.50000000000000000000 ( 4068700000000000 )
196.00000000000000000000 ( 4068800000000000 )
196.50000000000000000000 ( 4068900000000000 )
197.00000000000000000000 ( 4068a00000000000 )
197.50000000000000000000 ( 4068b00000000000 )
198.00000000000000000000 ( 4068c00000000000 )
198.50000000000000000000 ( 4068d00000000000 )
199.00000000000000000000 ( 4068e00000000000 )
199.50000000000000000000 ( 4068f00000000000 )
200.00000000000000000000 ( 4069000000000000 )
200.50000000000000000000 ( 4069100000000000 )
201.00000000000000000000 ( 4069200000000000 )
201.50000000000000000000 ( 4069300000000000 )
202.00000000000000000000 ( 4069400000000000 )
202.50000000000000000000 ( 4069500000000000 )
203.00000000000000000000 ( 4069600000000000 )
203.50000000000000000000 ( 4069700000000000 )
204.00000000000000000000 ( 4069800000000000 )
204.50000000000000000000 ( 4069900000000000 )
205.00000000000000000000 ( 4069a00000000000 )
205.50000000000000000000 ( 4069b00000000000 )
206.00000000000000000000 ( 4069c00000000000 )
206.50000000000000000000 ( 4069d00000000000 )
207.00000000000000000000 ( 4069e00000000000 )
207.50000000000000000000 ( 4069f00000000000 )
208.00000000000000000000 ( 406a000000000000 )
208.50000000000000000000 ( 406a100000000000 )
209.00000000000000000000 ( 406a200000000000 )
209.50000000000000000000 ( 406a300000000000 )
210.00000000000000000000 ( 406a400000000000 )
210.50000000000000000000 ( 406a500000000000 )
211.00000000000000000000 ( 406a600000000000 )
211.50000000000000000000 ( 406a700000000000 )
212.00000000000000000000 ( 406a800000000000 )
212.50000000000000000000 ( 406a900000000000 )
213.00000000000000000000 ( 406aa00000000000 )
213.50000000000000000000 ( 406ab00000000000 )
214.00000000000000000000 ( 406ac00000000000 )
214.50000000000000000000 ( 406ad00000000000 )
215.00000000000000000000 ( 406ae00000000000 )
215.50000000000000000000 ( 406af00000000000 )
216.00000000000000000000 ( 406b000000000000 )
216.50000000000000000000 ( 406b100000000000 )
217.00000000000000000000 ( 406b200000000000 )
217.50000000000000000000 ( 406b300000000000 )
218.00000000000000000000 ( 406b400000000000 )
218.50000000000000000000 ( 406b500000000000 )
219.00000000000000000000 ( 406b600000000000 )
219.50000000000000000000 ( 406b700000000000 )
220.00000000000000000000 ( 406b800000000000 )
220.50000000000000000000 ( 406b900000000000 )
221.00000000000000000000 ( 406ba00000000000 )
221.50000000000000000000 ( 406bb00000000000 )
222.00000000000000000000 ( 406bc00000000000 )
222.50000000000000000000 ( 406bd00000000000 )
223.00000000000000000000 ( 406be00000000000 )
223.50000000000000000000 ( 406bf00000000000 )
224.00000000000000000000 ( 406c000000000000 )
224.50000000000000000000 ( 406c100000000000 )
225.00000000000000000000 ( 406c200000000000 )
225.50000000000000000000 ( 406c300000000000 )
226.00000000000000000000 ( 406c400000000000 )
226.50000000000000000000 ( 406c500000000000 )
227.00000000000000000000 ( 406c600000000000 )
227.50000000000000000000 ( 406c700000000000 )
228.00000000000000000000 ( 406c800000000000 )
228.50000000000000000000 ( 406c900000000000 )
229.00000000000000000000 ( 406ca00000000000 )
229.50000000000000000000 ( 406cb00000000000 )
230.00000000000000000000 ( 406cc00000000000 )
230.50000000000000000000 ( 406cd00000000000 )
231.00000000000000000000 ( 406ce00000000000 )
231.50000000000000000000 ( 406cf00000000000 )
232.00000000000000000000 ( 406d000000000000 )
232.50000000000000000000 ( 406d100000000000 )
233.00000000000000000000 ( 406d200000000000 )
233.50000000000000000000 ( 406d300000000000 )
234.00000000000000000000 ( 406d400000000000 )
234.50000000000000000000 ( 406d500000000000 )
235.00000000000000000000 ( 406d600000000000 )
235.50000000000000000000 ( 406d700000000000 )
236.00000000000000000000 ( 406d800000000000 )
236.50000000000000000000 ( 406d900000000000 )
237.00000000000000000000 ( 406da00000000000 )
237.50000000000000000000 ( 406db00000000000 )
238.00000000000000000000 ( 406dc00000000000 )
238.50000000000000000000 ( 406dd00000000000 )
239.00000000000000000000 ( 406de00000000000 )
239.50000000000000000000 ( 406df00000000000 )
240.00000000000000000000 ( 406e000000000000 )
240.50000000000000000000 ( 406e100000000000 )
241.00000000000000000000 ( 406e200000000000 )
241.50000000000000000000 ( 406e300000000000 )
242.00000000000000000000 ( 406e400000000000 )
242.50000000000000000000 ( 406e500000000000 )
243.00000000000000000000 ( 406e600000000000 )
243.50000000000000000000 ( 406e700000000000 )
244.00000000000000000000 ( 406e800000000000 )
244.50000000000000000000 ( 406e900000000000 )
245.00000000000000000000 ( 406ea00000000000 )
245.50000000000000000000 ( 406eb00000000000 )
246.00000000000000000000 ( 406ec00000000000 )
246.50000000000000000000 ( 406ed00000000000 )
247.00000000000000000000 ( 406ee00000000000 )
247.50000000000000000000 ( 406ef00000000000 )
248.00000000000000000000 ( 406f000000000000 )
248.50000000000000000000 ( 406f100000000000 )
249.00000000000000000000 ( 406f200000000000 )
249.50000000000000000000 ( 406f300000000000 )
250.00000000000000000000 ( 406f400000000000 )
250.50000000000000000000 ( 406f500000000000 )
251.00000000000000000000 ( 406f600000000000 )
251.50000000000000000000 ( 406f700000000000 )
252.00000000000000000000 ( 406f800000000000 )
252.50000000000000000000 ( 406f900000000000 )
253.00000000000000000000 ( 406fa00000000000 )
253.50000000000000000000 ( 406fb00000000000 )
254.00000000000000000000 ( 406fc00000000000 )
254.50000000000000000000 ( 406fd00000000000 )
255.00000000000000000000 ( 406fe00000000000 )
255.50000000000000000000 ( 406ff00000000000 )
256.00000000000000000000 ( 4070000000000000 )
256.50000000000000000000 ( 4070080000000000 )
257.00000000000000000000 ( 4070100000000000 )
257.50000000000000000000 ( 4070180000000000 )
258.00000000000000000000 ( 4070200000000000 )
258.50000000000000000000 ( 4070280000000000 )
259.00000000000000000000 ( 4070300000000000 )
259.50000000000000000000 ( 4070380000000000 )
260.00000000000000000000 ( 4070400000000000 )
260.50000000000000000000 ( 4070480000000000 )
261.00000000000000000000 ( 4070500000000000 )
261.50000000000000000000 ( 4070580000000000 )
262.00000000000000000000 ( 4070600000000000 )
262.50000000000000000000 ( 4070680000000000 )
263.00000000000000000000 ( 4070700000000000 )
263.50000000000000000000 ( 4070780000000000 )
264.00000000000000000000 ( 4070800000000000 )
264.50000000000000000000 ( 4070880000000000 )
265.00000000000000000000 ( 4070900000000000 )
265.50000000000000000000 ( 4070980000000000 )
266.00000000000000000000 ( 4070a00000000000 )
266.50000000000000000000 ( 4070a80000000000 )
267.00000000000000000000 ( 4070b00000000000 )
267.50000000000000000000 ( 4070b80000000000 )
268.00000000000000000000 ( 4070c00000000000 )
268.50000000000000000000 ( 4070c80000000000 )
269.00000000000000000000 ( 4070d00000000000 )
269.50000000000000000000 ( 4070d80000000000 )
270.00000000000000000000 ( 4070e00000000000 )
270.50000000000000000000 ( 4070e80000000000 )
271.00000000000000000000 ( 4070f00000000000 )
271.50000000000000000000 ( 4070f80000000000 )
272.00000000000000000000 ( 4071000000000000 )
272.50000000000000000000 ( 4071080000000000 )
273.00000000000000000000 ( 4071100000000000 )
273.50000000000000000000 ( 4071180000000000 )
274.00000000000000000000 ( 4071200000000000 )
274.50000000000000000000 ( 4071280000000000 )
275.00000000000000000000 ( 4071300000000000 )
275.50000000000000000000 ( 4071380000000000 )
276.00000000000000000000 ( 4071400000000000 )
276.50000000000000000000 ( 4071480000000000 )
277.00000000000000000000 ( 4071500000000000 )
277.50000000000000000000 ( 4071580000000000 )
278.00000000000000000000 ( 4071600000000000 )
278.50000000000000000000 ( 4071680000000000 )
279.00000000000000000000 ( 4071700000000000 )
279.50000000000000000000 ( 4071780000000000 )
280.00000000000000000000 ( 4071800000000000 )
280.50000000000000000000 ( 4071880000000000 )
281.00000000000000000000 ( 4071900000000000 )
281.50000000000000000000 ( 4071980000000000 )
282.00000000000000000000 ( 4071a00000000000 )
282.50000000000000000000 ( 4071a80000000000 )
283.00000000000000000000 ( 4071b00000000000 )
283.50000000000000000000 ( 4071b80000000000 )
284.00000000000000000000 ( 4071c00000000000 )
284.50000000000000000000 ( 4071c80000000000 )
285.00000000000000000000 ( 4071d00000000000 )
285.50000000000000000000 ( 4071d80000000000 )
286.00000000000000000000 ( 4071e00000000000 )
286.50000000000000000000 ( 4071e80000000000 )
287.00000000000000000000 ( 4071f00000000000 )
287.50000000000000000000 ( 4071f80000000000 )
288.00000000000000000000 ( 4072000000000000 )
288.50000000000000000000 ( 4072080000000000 )
289.00000000000000000000 ( 4072100000000000 )
289.50000000000000000000 ( 4072180000000000 )
290.00000000000000000000 ( 4072200000000000 )
290.50000000000000000000 ( 4072280000000000 )
291.00000000000000000000 ( 4072300000000000 )
291.50000000000000000000 ( 4072380000000000 )
292.00000000000000000000 ( 4072400000000000 )
292.50000000000000000000 ( 4072480000000000 )
293.00000000000000000000 ( 4072500000000000 )
293.50000000000000000000 ( 4072580000000000 )
294.00000000000000000000 ( 4072600000000000 )
294.50000000000000000000 ( 4072680000000000 )
295.00000000000000000000 ( 4072700000000000 )
295.50000000000000000000 ( 4072780000000000 )
296.00000000000000000000 ( 4072800000000000 )
296.50000000000000000000 ( 4072880000000000 )
297.00000000000000000000 ( 4072900000000000 )
297.50000000000000000000 ( 4072980000000000 )
298.00000000000000000000 ( 4072a00000000000 )
298.50000000000000000000 ( 4072a80000000000 )
299.00000000000000000000 ( 4072b00000000000 )
299.50000000000000000000 ( 4072b80000000000 )
300.00000000000000000000 ( 4072c00000000000 )
300.50000000000000000000 ( 4072c80000000000 )
301.00000000000000000000 ( 4072d00000000000 )
301.50000000000000000000 ( 4072d80000000000 )
302.00000000000000000000 ( 4072e00000000000 )
302.50000000000000000000 ( 4072e80000000000 )
303.00000000000000000000 ( 4072f00000000000 )
303.50000000000000000000 ( 4072f80000000000 )
304.00000000000000000000 ( 4073000000000000 )
304.50000000000000000000 ( 4073080000000000 )
305.00000000000000000000 ( 4073100000000000 )
305.50000000000000000000 ( 4073180000000000 )
306.00000000000000000000 ( 4073200000000000 )
306.50000000000000000000 ( 4073280000000000 )
307.00000000000000000000 ( 4073300000000000 )
307.50000000000000000000 ( 4073380000000000 )
308.00000000000000000000 ( 4073400000000000 )
308.50000000000000000000 ( 4073480000000000 )
309.00000000000000000000 ( 4073500000000000 )
309.50000000000000000000 ( 4073580000000000 )
310.00000000000000000000 ( 4073600000000000 )
310.50000000000000000000 ( 4073680000000000 )
311.00000000000000000000 ( 4073700000000000 )
311.50000000000000000000 ( 4073780000000000 )
312.00000000000000000000 ( 4073800000000000 )
312.50000000000000000000 ( 4073880000000000 )
313.00000000000000000000 ( 4073900000000000 )
313.50000000000000000000 ( 4073980000000000 )
314.00000000000000000000 ( 4073a00000000000 )
314.50000000000000000000 ( 4073a80000000000 )
315.00000000000000000000 ( 4073b00000000000 )
315.50000000000000000000 ( 4073b80000000000 )
316.00000000000000000000 ( 4073c00000000000 )
316.50000000000000000000 ( 4073c80000000000 )
317.00000000000000000000 ( 4073d00000000000 )
317.50000000000000000000 ( 4073d80000000000 )
318.00000000000000000000 ( 4073e00000000000 )
318.50000000000000000000 ( 4073e80000000000 )
319.00000000000000000000 ( 4073f00000000000 )
319.50000000000000000000 ( 4073f80000000000 )
320.00000000000000000000 ( 4074000000000000 )
320.50000000000000000000 ( 4074080000000000 )
321.00000000000000000000 ( 4074100000000000 )
321.50000000000000000000 ( 4074180000000000 )
322.00000000000000000000 ( 4074200000000000 )
322.50000000000000000000 ( 4074280000000000 )
323.00000000000000000000 ( 4074300000000000 )
323.50000000000000000000 ( 4074380000000000 )
324.00000000000000000000 ( 4074400000000000 )
324.50000000000000000000 ( 4074480000000000 )
325.00000000000000000000 ( 4074500000000000 )
325.50000000000000000000 ( 4074580000000000 )
326.00000000000000000000 ( 4074600000000000 )
326.50000000000000000000 ( 4074680000000000 )
327.00000000000000000000 ( 4074700000000000 )
327.50000000000000000000 ( 4074780000000000 )
328.00000000000000000000 ( 4074800000000000 )
328.50000000000000000000 ( 4074880000000000 )
329.00000000000000000000 ( 4074900000000000 )
329.50000000000000000000 ( 4074980000000000 )
330.00000000000000000000 ( 4074a00000000000 )
330.50000000000000000000 ( 4074a80000000000 )
331.00000000000000000000 ( 4074b00000000000 )
331.50000000000000000000 ( 4074b80000000000 )
332.00000000000000000000 ( 4074c00000000000 )
332.50000000000000000000 ( 4074c80000000000 )
333.00000000000000000000 ( 4074d00000000000 )
333.50000000000000000000 ( 4074d80000000000 )
334.00000000000000000000 ( 4074e00000000000 )
334.50000000000000000000 ( 4074e80000000000 )
335.00000000000000000000 ( 4074f00000000000 )
335.50000000000000000000 ( 4074f80000000000 )
336.00000000000000000000 ( 4075000000000000 )
336.50000000000000000000 ( 4075080000000000 )
337.00000000000000000000 ( 4075100000000000 )
337.50000000000000000000 ( 4075180000000000 )
338.00000000000000000000 ( 4075200000000000 )
338.50000000000000000000 ( 4075280000000000 )
339.00000000000000000000 ( 4075300000000000 )
339.50000000000000000000 ( 4075380000000000 )
340.00000000000000000000 ( 4075400000000000 )
340.50000000000000000000 ( 4075480000000000 )
341.00000000000000000000 ( 4075500000000000 )
341.50000000000000000000 ( 4075580000000000 )
342.00000000000000000000 ( 4075600000000000 )
342.50000000000000000000 ( 4075680000000000 )
343.00000000000000000000 ( 4075700000000000 )
343.50000000000000000000 ( 4075780000000000 )
344.00000000000000000000 ( 4075800000000000 )
344.50000000000000000000 ( 4075880000000000 )
345.00000000000000000000 ( 4075900000000000 )
345.50000000000000000000 ( 4075980000000000 )
346.00000000000000000000 ( 4075a00000000000 )
346.50000000000000000000 ( 4075a80000000000 )
347.00000000000000000000 ( 4075b00000000000 )
347.50000000000000000000 ( 4075b80000000000 )
348.00000000000000000000 ( 4075c00000000000 )
348.50000000000000000000 ( 4075c80000000000 )
349.00000000000000000000 ( 4075d00000000000 )
349.50000000000000000000 ( 4075d80000000000 )
350.00000000000000000000 ( 4075e00000000000 )
350.50000000000000000000 ( 4075e80000000000 )
351.00000000000000000000 ( 4075f00000000000 )
351.50000000000000000000 ( 4075f80000000000 )
352.00000000000000000000 ( 4076000000000000 )
352.50000000000000000000 ( 4076080000000000 )
353.00000000000000000000 ( 4076100000000000 )
353.50000000000000000000 ( 4076180000000000 )
354.00000000000000000000 ( 4076200000000000 )
354.50000000000000000000 ( 4076280000000000 )
355.00000000000000000000 ( 4076300000000000 )
355.50000000000000000000 ( 4076380000000000 )
356.00000000000000000000 ( 4076400000000000 )
356.50000000000000000000 ( 4076480000000000 )
357.00000000000000000000 ( 4076500000000000 )
357.50000000000000000000 ( 4076580000000000 )
358.00000000000000000000 ( 4076600000000000 )
358.50000000000000000000 ( 4076680000000000 )
359.00000000000000000000 ( 4076700000000000 )
359.50000000000000000000 ( 4076780000000000 )
360.00000000000000000000 ( 4076800000000000 )
360.50000000000000000000 ( 4076880000000000 )
361.00000000000000000000 ( 4076900000000000 )
361.50000000000000000000 ( 4076980000000000 )
362.00000000000000000000 ( 4076a00000000000 )
362.50000000000000000000 ( 4076a80000000000 )
363.00000000000000000000 ( 4076b00000000000 )
363.50000000000000000000 ( 4076b80000000000 )
364.00000000000000000000 ( 4076c00000000000 )
364.50000000000000000000 ( 4076c80000000000 )
365.00000000000000000000 ( 4076d00000000000 )
365.50000000000000000000 ( 4076d80000000000 )
366.00000000000000000000 ( 4076e00000000000 )
366.50000000000000000000 ( 4076e80000000000 )
367.00000000000000000000 ( 4076f00000000000 )
367.50000000000000000000 ( 4076f80000000000 )
368.00000000000000000000 ( 4077000000000000 )
368.50000000000000000000 ( 4077080000000000 )
369.00000000000000000000 ( 4077100000000000 )
369.50000000000000000000 ( 4077180000000000 )
370.00000000000000000000 ( 4077200000000000 )
370.50000000000000000000 ( 4077280000000000 )
371.00000000000000000000 ( 4077300000000000 )
371.50000000000000000000 ( 4077380000000000 )
372.00000000000000000000 ( 4077400000000000 )
372.50000000000000000000 ( 4077480000000000 )
373.00000000000000000000 ( 4077500000000000 )
373.50000000000000000000 ( 4077580000000000 )
374.00000000000000000000 ( 4077600000000000 )
374.50000000000000000000 ( 4077680000000000 )
375.00000000000000000000 ( 4077700000000000 )
375.50000000000000000000 ( 4077780000000000 )
376.00000000000000000000 ( 4077800000000000 )
376.50000000000000000000 ( 4077880000000000 )
377.00000000000000000000 ( 4077900000000000 )
377.50000000000000000000 ( 4077980000000000 )
378.00000000000000000000 ( 4077a00000000000 )
378.50000000000000000000 ( 4077a80000000000 )
379.00000000000000000000 ( 4077b00000000000 )
379.50000000000000000000 ( 4077b80000000000 )
380.00000000000000000000 ( 4077c00000000000 )
380.50000000000000000000 ( 4077c80000000000 )
381.00000000000000000000 ( 4077d00000000000 )
381.50000000000000000000 ( 4077d80000000000 )
382.00000000000000000000 ( 4077e00000000000 )
382.50000000000000000000 ( 4077e80000000000 )
383.00000000000000000000 ( 4077f00000000000 )
383.50000000000000000000 ( 4077f80000000000 )
384.00000000000000000000 ( 4078000000000000 )
384.50000000000000000000 ( 4078080000000000 )
385.00000000000000000000 ( 4078100000000000 )
385.50000000000000000000 ( 4078180000000000 )
386.00000000000000000000 ( 4078200000000000 )
386.50000000000000000000 ( 4078280000000000 )
387.00000000000000000000 ( 4078300000000000 )
387.50000000000000000000 ( 4078380000000000 )
388.00000000000000000000 ( 4078400000000000 )
388.50000000000000000000 ( 4078480000000000 )
389.00000000000000000000 ( 4078500000000000 )
389.50000000000000000000 ( 4078580000000000 )
390.00000000000000000000 ( 4078600000000000 )
390.50000000000000000000 ( 4078680000000000 )
391.00000000000000000000 ( 4078700000000000 )
391.50000000000000000000 ( 4078780000000000 )
392.00000000000000000000 ( 4078800000000000 )
392.50000000000000000000 ( 4078880000000000 )
393.00000000000000000000 ( 4078900000000000 )
393.50000000000000000000 ( 4078980000000000 )
394.00000000000000000000 ( 4078a00000000000 )
394.50000000000000000000 ( 4078a80000000000 )
395.00000000000000000000 ( 4078b00000000000 )
395.50000000000000000000 ( 4078b80000000000 )
396.00000000000000000000 ( 4078c00000000000 )
396.50000000000000000000 ( 4078c80000000000 )
397.00000000000000000000 ( 4078d00000000000 )
397.50000000000000000000 ( 4078d80000000000 )
398.00000000000000000000 ( 4078e00000000000 )
398.50000000000000000000 ( 4078e80000000000 )
399.00000000000000000000 ( 4078f00000000000 )
399.50000000000000000000 ( 4078f80000000000 )
400.00000000000000000000 ( 4079000000000000 )
400.50000000000000000000 ( 4079080000000000 )
401.00000000000000000000 ( 4079100000000000 )
401.50000000000000000000 ( 4079180000000000 )
402.00000000000000000000 ( 4079200000000000 )
402.50000000000000000000 ( 4079280000000000 )
403.00000000000000000000 ( 4079300000000000 )
403.50000000000000000000 ( 4079380000000000 )
404.00000000000000000000 ( 4079400000000000 )
404.50000000000000000000 ( 4079480000000000 )
405.00000000000000000000 ( 4079500000000000 )
405.50000000000000000000 ( 4079580000000000 )
406.00000000000000000000 ( 4079600000000000 )
406.50000000000000000000 ( 4079680000000000 )
407.00000000000000000000 ( 4079700000000000 )
407.50000000000000000000 ( 4079780000000000 )
408.00000000000000000000 ( 4079800000000000 )
408.50000000000000000000 ( 4079880000000000 )
409.00000000000000000000 ( 4079900000000000 )
409.50000000000000000000 ( 4079980000000000 )
410.00000000000000000000 ( 4079a00000000000 )
410.50000000000000000000 ( 4079a80000000000 )
411.00000000000000000000 ( 4079b00000000000 )
411.50000000000000000000 ( 4079b80000000000 )
412.00000000000000000000 ( 4079c00000000000 )
412.50000000000000000000 ( 4079c80000000000 )
413.00000000000000000000 ( 4079d00000000000 )
413.50000000000000000000 ( 4079d80000000000 )
414.00000000000000000000 ( 4079e00000000000 )
414.50000000000000000000 ( 4079e80000000000 )
415.00000000000000000000 ( 4079f00000000000 )
415.50000000000000000000 ( 4079f80000000000 )
416.00000000000000000000 ( 407a000000000000 )
416.50000000000000000000 ( 407a080000000000 )
417.00000000000000000000 ( 407a100000000000 )
417.50000000000000000000 ( 407a180000000000 )
418.00000000000000000000 ( 407a200000000000 )
418.50000000000000000000 ( 407a280000000000 )
419.00000000000000000000 ( 407a300000000000 )
419.50000000000000000000 ( 407a380000000000 )
420.00000000000000000000 ( 407a400000000000 )
420.50000000000000000000 ( 407a480000000000 )
421.00000000000000000000 ( 407a500000000000 )
421.50000000000000000000 ( 407a580000000000 )
422.00000000000000000000 ( 407a600000000000 )
422.50000000000000000000 ( 407a680000000000 )
423.00000000000000000000 ( 407a700000000000 )
423.50000000000000000000 ( 407a780000000000 )
424.00000000000000000000 ( 407a800000000000 )
424.50000000000000000000 ( 407a880000000000 )
425.00000000000000000000 ( 407a900000000000 )
425.50000000000000000000 ( 407a980000000000 )
426.00000000000000000000 ( 407aa00000000000 )
426.50000000000000000000 ( 407aa80000000000 )
427.00000000000000000000 ( 407ab00000000000 )
427.50000000000000000000 ( 407ab80000000000 )
428.00000000000000000000 ( 407ac00000000000 )
428.50000000000000000000 ( 407ac80000000000 )
429.00000000000000000000 ( 407ad00000000000 )
429.50000000000000000000 ( 407ad80000000000 )
430.00000000000000000000 ( 407ae00000000000 )
430.50000000000000000000 ( 407ae80000000000 )
431.00000000000000000000 ( 407af00000000000 )
431.50000000000000000000 ( 407af80000000000 )
432.00000000000000000000 ( 407b000000000000 )
432.50000000000000000000 ( 407b080000000000 )
433.00000000000000000000 ( 407b100000000000 )
433.50000000000000000000 ( 407b180000000000 )
434.00000000000000000000 ( 407b200000000000 )
434.50000000000000000000 ( 407b280000000000 )
435.00000000000000000000 ( 407b300000000000 )
435.50000000000000000000 ( 407b380000000000 )
436.00000000000000000000 ( 407b400000000000 )
436.50000000000000000000 ( 407b480000000000 )
437.00000000000000000000 ( 407b500000000000 )
437.50000000000000000000 ( 407b580000000000 )
438.00000000000000000000 ( 407b600000000000 )
438.50000000000000000000 ( 407b680000000000 )
439.00000000000000000000 ( 407b700000000000 )
439.50000000000000000000 ( 407b780000000000 )
440.00000000000000000000 ( 407b800000000000 )
440.50000000000000000000 ( 407b880000000000 )
441.00000000000000000000 ( 407b900000000000 )
441.50000000000000000000 ( 407b980000000000 )
442.00000000000000000000 ( 407ba00000000000 )
442.50000000000000000000 ( 407ba80000000000 )
443.00000000000000000000 ( 407bb00000000000 )
443.50000000000000000000 ( 407bb80000000000 )
444.00000000000000000000 ( 407bc00000000000 )
444.50000000000000000000 ( 407bc80000000000 )
445.00000000000000000000 ( 407bd00000000000 )
445.50000000000000000000 ( 407bd80000000000 )
446.00000000000000000000 ( 407be00000000000 )
446.50000000000000000000 ( 407be80000000000 )
447.00000000000000000000 ( 407bf00000000000 )
447.50000000000000000000 ( 407bf80000000000 )
448.00000000000000000000 ( 407c000000000000 )
448.50000000000000000000 ( 407c080000000000 )
449.00000000000000000000 ( 407c100000000000 )
449.50000000000000000000 ( 407c180000000000 )
450.00000000000000000000 ( 407c200000000000 )
450.50000000000000000000 ( 407c280000000000 )
451.00000000000000000000 ( 407c300000000000 )
451.50000000000000000000 ( 407c380000000000 )
452.00000000000000000000 ( 407c400000000000 )
452.50000000000000000000 ( 407c480000000000 )
453.00000000000000000000 ( 407c500000000000 )
453.50000000000000000000 ( 407c580000000000 )
454.00000000000000000000 ( 407c600000000000 )
454.50000000000000000000 ( 407c680000000000 )
455.00000000000000000000 ( 407c700000000000 )
455.50000000000000000000 ( 407c780000000000 )
456.00000000000000000000 ( 407c800000000000 )
456.50000000000000000000 ( 407c880000000000 )
457.00000000000000000000 ( 407c900000000000 )
457.50000000000000000000 ( 407c980000000000 )
458.00000000000000000000 ( 407ca00000000000 )
458.50000000000000000000 ( 407ca80000000000 )
459.00000000000000000000 ( 407cb00000000000 )
459.50000000000000000000 ( 407cb80000000000 )
460.00000000000000000000 ( 407cc00000000000 )
460.50000000000000000000 ( 407cc80000000000 )
461.00000000000000000000 ( 407cd00000000000 )
461.50000000000000000000 ( 407cd80000000000 )
462.00000000000000000000 ( 407ce00000000000 )
462.50000000000000000000 ( 407ce80000000000 )
463.00000000000000000000 ( 407cf00000000000 )
463.50000000000000000000 ( 407cf80000000000 )
464.00000000000000000000 ( 407d000000000000 )
464.50000000000000000000 ( 407d080000000000 )
465.00000000000000000000 ( 407d100000000000 )
465.50000000000000000000 ( 407d180000000000 )
466.00000000000000000000 ( 407d200000000000 )
466.50000000000000000000 ( 407d280000000000 )
467.00000000000000000000 ( 407d300000000000 )
467.50000000000000000000 ( 407d380000000000 )
468.00000000000000000000 ( 407d400000000000 )
468.50000000000000000000 ( 407d480000000000 )
469.00000000000000000000 ( 407d500000000000 )
469.50000000000000000000 ( 407d580000000000 )
470.00000000000000000000 ( 407d600000000000 )
470.50000000000000000000 ( 407d680000000000 )
471.00000000000000000000 ( 407d700000000000 )
471.50000000000000000000 ( 407d780000000000 )
472.00000000000000000000 ( 407d800000000000 )
472.50000000000000000000 ( 407d880000000000 )
473.00000000000000000000 ( 407d900000000000 )
473.50000000000000000000 ( 407d980000000000 )
474.00000000000000000000 ( 407da00000000000 )
474.50000000000000000000 ( 407da80000000000 )
475.00000000000000000000 ( 407db00000000000 )
475.50000000000000000000 ( 407db80000000000 )
476.00000000000000000000 ( 407dc00000000000 )
476.50000000000000000000 ( 407dc80000000000 )
477.00000000000000000000 ( 407dd00000000000 )
477.50000000000000000000 ( 407dd80000000000 )
478.00000000000000000000 ( 407de00000000000 )
478.50000000000000000000 ( 407de80000000000 )
479.00000000000000000000 ( 407df00000000000 )
479.50000000000000000000 ( 407df80000000000 )
480.00000000000000000000 ( 407e000000000000 )
480.50000000000000000000 ( 407e080000000000 )
481.00000000000000000000 ( 407e100000000000 )
481.50000000000000000000 ( 407e180000000000 )
482.00000000000000000000 ( 407e200000000000 )
482.50000000000000000000 ( 407e280000000000 )
483.00000000000000000000 ( 407e300000000000 )
483.50000000000000000000 ( 407e380000000000 )
484.00000000000000000000 ( 407e400000000000 )
484.50000000000000000000 ( 407e480000000000 )
485.00000000000000000000 ( 407e500000000000 )
485.50000000000000000000 ( 407e580000000000 )
486.00000000000000000000 ( 407e600000000000 )
486.50000000000000000000 ( 407e680000000000 )
487.00000000000000000000 ( 407e700000000000 )
487.50000000000000000000 ( 407e780000000000 )
488.00000000000000000000 ( 407e800000000000 )
488.50000000000000000000 ( 407e880000000000 )
489.00000000000000000000 ( 407e900000000000 )
489.50000000000000000000 ( 407e980000000000 )
490.00000000000000000000 ( 407ea00000000000 )
490.50000000000000000000 ( 407ea80000000000 )
491.00000000000000000000 ( 407eb00000000000 )
491.50000000000000000000 ( 407eb80000000000 )
492.00000000000000000000 ( 407ec00000000000 )
492.50000000000000000000 ( 407ec80000000000 )
493.00000000000000000000 ( 407ed00000000000 )
493.50000000000000000000 ( 407ed80000000000 )
494.00000000000000000000 ( 407ee00000000000 )
494.50000000000000000000 ( 407ee80000000000 )
495.00000000000000000000 ( 407ef00000000000 )
495.50000000000000000000 ( 407ef80000000000 )
496.00000000000000000000 ( 407f000000000000 )
496.50000000000000000000 ( 407f080000000000 )
497.00000000000000000000 ( 407f100000000000 )
497.50000000000000000000 ( 407f180000000000 )
498.00000000000000000000 ( 407f200000000000 )
498.50000000000000000000 ( 407f280000000000 )
499.00000000000000000000 ( 407f300000000000 )
499.50000000000000000000 ( 407f380000000000 )
500.00000000000000000000 ( 407f400000000000 )
1000 * 0.500000 = 500.000000
