0.00000000000000000000 ( 0 ) 
0.50000000000000000000 ( 3fe0000000000000 )
1.00000000000000000000 ( 3ff0000000000000 )
1.50000000000000000000 ( 3ff8000000000000 )
2.00000000000000000000 ( 4000000000000000 )
2.50000000000000000000 ( 4004000000000000 )
3.00000000000000000000 ( 4008000000000000 )
3.50000000000000000000 ( 400c000000000000 )
4.00000000000000000000 ( 4010000000000000 )
4.50000000000000000000 ( 4012000000000000 )
5.00000000000000000000 ( 4014000000000000 )
                  .
                  .(省略)
                  .
45.50000000000000000000 ( 4046c00000000000 )
46.00000000000000000000 ( 4047000000000000 )
46.50000000000000000000 ( 4047400000000000 )
47.00000000000000000000 ( 4047800000000000 )
47.50000000000000000000 ( 4047c00000000000 )
48.00000000000000000000 ( 4048000000000000 )
48.50000000000000000000 ( 4048400000000000 )
49.00000000000000000000 ( 4048800000000000 )
49.50000000000000000000 ( 4048c00000000000 )
50.00000000000000000000 ( 4049000000000000 )
100 * 0.500000 = 50.000000
